2 0.126562 0.691630 0.059375 0.114537
2 0.350000 0.627753 0.012500 0.057269
2 0.168750 0.592511 0.012500 0.083700
2 0.118750 0.592511 0.056250 0.083700
2 0.079687 0.566079 0.009375 0.039648
2 0.043750 0.594714 0.056250 0.096916
2 0.193750 0.583700 0.025000 0.110132
2 0.256250 0.596916 0.043750 0.145374
2 0.314063 0.550661 0.015625 0.061674
2 0.354687 0.552863 0.028125 0.074890
2 0.732812 0.535242 0.028125 0.048458
2 0.682813 0.599119 0.053125 0.185022
2 0.445312 0.581498 0.021875 0.149780
2 0.637500 0.535242 0.025000 0.066079
2 0.412500 0.581498 0.025000 0.158590
2 0.884375 0.557269 0.043750 0.127753
