2 0.989062 0.669604 0.021875 0.096916
2 0.975000 0.581498 0.050000 0.105727
2 0.817187 0.561674 0.015625 0.074890
2 0.393750 0.561674 0.012500 0.083700
2 0.426563 0.537445 0.009375 0.044053
2 0.465625 0.539648 0.031250 0.057269
2 0.345313 0.579295 0.065625 0.136564
2 0.526563 0.537445 0.015625 0.061674
2 0.501563 0.574890 0.040625 0.136564
2 0.751563 0.515419 0.015625 0.035242
2 0.098437 0.541850 0.028125 0.088106
2 0.882812 0.563877 0.028125 0.149780
2 0.714063 0.508811 0.028125 0.039648
2 0.198437 0.519824 0.015625 0.070485
