2 0.982812 0.550661 0.034375 0.167401
2 0.607812 0.599119 0.096875 0.264317
2 0.256250 0.493392 0.018750 0.052863
2 0.220312 0.522026 0.040625 0.110132
2 0.390625 0.502203 0.025000 0.079295
2 0.868750 0.471366 0.012500 0.026432
2 0.460938 0.506608 0.021875 0.096916
2 0.345313 0.526432 0.028125 0.136564
2 0.310937 0.511013 0.028125 0.105727
2 0.723437 0.486784 0.034375 0.066079
2 0.692187 0.482379 0.009375 0.057269
2 0.107813 0.480176 0.009375 0.052863
2 0.140625 0.482379 0.050000 0.066079
2 0.792188 0.458150 0.034375 0.044053
2 0.020313 0.491189 0.040625 0.127753
