2 0.421875 0.784141 0.012500 0.044053
2 0.006250 0.658590 0.012500 0.039648
2 0.006250 0.590308 0.012500 0.070485
2 0.448437 0.678414 0.090625 0.255507
2 0.082812 0.588106 0.034375 0.083700
2 0.907813 0.552863 0.021875 0.030837
2 0.509375 0.559471 0.012500 0.044053
2 0.293750 0.563877 0.018750 0.052863
2 0.134375 0.669604 0.068750 0.264317
2 0.029687 0.601322 0.028125 0.127753
2 0.737500 0.614537 0.050000 0.162996
2 0.353125 0.651982 0.062500 0.246696
2 0.248438 0.662996 0.090625 0.277533
2 0.598437 0.640969 0.065625 0.242291
