2 0.885938 0.533040 0.059375 0.167401
2 0.753125 0.473568 0.012500 0.048458
2 0.193750 0.488987 0.012500 0.079295
2 0.081250 0.535242 0.037500 0.171806
2 0.495312 0.530837 0.040625 0.171806
2 0.165625 0.471366 0.012500 0.052863
2 0.801562 0.464758 0.009375 0.048458
2 0.428125 0.493392 0.037500 0.105727
2 0.293750 0.466960 0.031250 0.052863
2 0.706250 0.480176 0.025000 0.088106
2 0.612500 0.455947 0.012500 0.039648
2 0.398438 0.458150 0.021875 0.044053
2 0.337500 0.460352 0.025000 0.048458
2 0.737500 0.453744 0.018750 0.044053
2 0.648438 0.486784 0.034375 0.110132
2 0.546875 0.464758 0.018750 0.066079
